000000000001001917
000000000001001808
000000000001001749
000000000001001776
000000000001001911
000000000001001755
000000000001001760
000000000001001809
000000000001001747
000000000001001711
000000000001001757
000000000001001708
000000000001001770
000000000001001710
000000000001001771
000000000001001758
000000000001007905
000000000001001753
000000000001001752
000000000001008374
000000000001001805
000000000001001709
000000000001008561
000000000001008560
000000000001001765
000000000001001775
000000000001009105
000000000001001777
000000000001001742
000000000001001813
000000000001009719
